
Receiver Number: 1 Front-row-mic                  (x,y,z) = (20,40; 16,00; 1,80)
____________________________________________________________________________________________________
Band (Hz)                   63       125       250       500      1000      2000      4000      8000
____________________________________________________________________________________________________
EDT             (s)      3,65      3,65      2,43      1,96      2,11      2,35      2,12      1,44 
T(15)           (s)      *,**      *,**      1,96      1,95      1,92      1,86      1,71      0,99 
T(20)           (s)      *,**      *,**      1,68      1,84      1,60      1,79      1,57      0,98 
 XI(T(20))      (‰)      *,*       *,*      19,5      38,9      30,2       8,6       9,7      14,3  
T(30)           (s)      *,**      *,**      *,**      1,50      1,54      *,**      1,50      0,98 
 XI(T(30))      (‰)      *,*       *,*       *,*      28,5      15,5       *,*       6,9       6,7  
Curvature(C)    (%)      *,*       *,*       *,*     -18,3      -4,2       *,*      -4,0       0,8  
Ts              (ms)   251       264       155       131       150       189       175       110    
SPL             (dB)    -9,3      -9,4     -15,1     -17,0     -18,2     -19,7     -21,6     -26,7  
SPL(Af)         (dB)   -35,6     -25,6     -23,8     -20,3     -18,2     -18,5     -20,6     -27,9  
SPL(Direct)     (dB)   -16,9     -18,4     -20,3     -22,5     -25,0     -27,8     -30,8     -33,8  
D(50)                    0,18      0,13      0,30      0,28      0,21      0,15      0,12      0,20 
C(7)            (dB)    -6,7      -8,4      -3,6      -4,1      -5,7      -7,4      -8,6      -6,1  
C(50)           (dB)    -6,7      -8,4      -3,6      -4,1      -5,7      -7,4      -8,6      -6,1  
C(80)           (dB)    -5,2      -5,9      -2,1      -1,1      -2,0      -4,6      -4,7      -1,4  
U(50)           (dB)    -6,7      -8,4      -3,6      -4,1      -5,7      -7,4      -8,6      -6,1  
U(80)           (dB)    -5,2      -5,9      -2,1      -1,1      -2,0      -4,6      -4,7      -1,4  
MTI(corrected)           *,**      0,00      0,00      0,00      0,00      0,00      0,00      0,00 
LF(80)                   0,022     0,046     0,027     0,045     0,059     0,047     0,059     0,060
LFC(80)                  0,067     0,126     0,073     0,123     0,161     0,133     0,170     0,175
Diffusivity(ss) (dB)     3,6       3,6       2,8       2,3       2,6       3,2       3,1       2,3  
Echo(Dietsch)            2,68      3,00      2,62      3,04      3,32      3,20      3,48      3,52 
IACCearly                0,926     0,967     0,945     0,994     0,987     0,794     0,657     0,549
IACClate                 0,454     0,456     0,230     0,163     0,144     0,152     0,063     0,051
IACCtotal                0,433     0,462     0,306     0,417     0,427     0,205     0,062     0,045
____________________________________________________________________________________________________

SPL(A)                  -12,5   dB
SPL(Lin)                 -5,0   dB
SPL(C)                   -5,4   dB
SPL(A_Direct)           -19,6   dB
STI                       0,41    
STI(Female)               0,00    
STI(Male)                 0,00    
STIPA                     0,41    
RASTI                     0,41    
STI(expected)             *,**    
T(30_Average)             1,5    s
LF(80_Average)            0,044   
Lj(Average)              -0,4   dB
BR(SPL)                   5,4   dB
SIL                     979,4   dB
AI                        1,00    
Alcons(STI)              18,96   %
Density(reflections)     16,41 /ms

Direct_sound    :       Source hidden from the receiver
Diffracted Sound:            Including diffracted sound
Decay_truncation:        Decay corrected for truncation


Looking towards Source: Aiming towards direction -X
Active sources:         1
Rays used:              1000   (Lost: 0 = 0,0 %)
Total ray flights:      24717
Mean free path:         14,31 m
