
Simulated values displayed.

Receiver Number: 1 Front-row-mic                  (x,y,z) = (20,40; 16,00; 1,80)
____________________________________________________________________________________________________
Band (Hz)                   63       125       250       500      1000      2000      4000      8000
____________________________________________________________________________________________________
EDT             (s)      3,65      3,65      2,43      1,96      2,11      2,35      2,12      1,44 
T(15)           (s)      *,**      *,**      1,96      1,95      1,92      1,86      1,71      0,99 
T(20)           (s)      *,**      *,**      1,68      1,84      1,60      1,79      1,57      0,98 
 XI(T(20))      (‰)      *,*       *,*      19,5      38,9      30,2       8,6       9,7      14,3  
T(30)           (s)      *,**      *,**      *,**      1,50      1,54      *,**      1,50      0,98 
 XI(T(30))      (‰)      *,*       *,*       *,*      28,5      15,5       *,*       6,9       6,7  
Curvature(C)    (%)      *,*       *,*       *,*     -18,3      -4,2       *,*      -4,0       0,8  
Ts              (ms)   251       264       155       131       150       189       175       110    
SPL             (dB)    -9,3      -9,4     -15,1     -17,0     -18,2     -19,7     -21,6     -26,7  
SPL(Af)         (dB)   -35,6     -25,6     -23,8     -20,3     -18,2     -18,5     -20,6     -27,9  
SPL(Direct)     (dB)   -16,9     -18,4     -20,3     -22,5     -25,0     -27,8     -30,8     -33,8  
D(50)                    0,18      0,13      0,30      0,28      0,21      0,15      0,12      0,20 
C(7)            (dB)    -6,7      -8,4      -3,6      -4,1      -5,7      -7,4      -8,6      -6,1  
C(50)           (dB)    -6,7      -8,4      -3,6      -4,1      -5,7      -7,4      -8,6      -6,1  
C(80)           (dB)    -5,2      -5,9      -2,1      -1,1      -2,0      -4,6      -4,7      -1,4  
U(50)           (dB)    -6,7      -8,4      -3,6      -4,1      -5,7      -7,4      -8,6      -6,1  
U(80)           (dB)    -5,2      -5,9      -2,1      -1,1      -2,0      -4,6      -4,7      -1,4  
MTI(corrected)           *,**      0,00      0,00      0,00      0,00      0,00      0,00      0,00 
LF(80)                   0,022     0,046     0,027     0,045     0,059     0,047     0,059     0,060
LFC(80)                  0,067     0,126     0,073     0,123     0,161     0,133     0,170     0,175
Diffusivity(ss) (dB)     3,6       3,6       2,8       2,3       2,6       3,2       3,1       2,3  
Echo(Dietsch)            2,68      3,00      2,62      3,04      3,32      3,20      3,48      3,52 
____________________________________________________________________________________________________

SPL(A)                  -12,5   dB
SPL(Lin)                 -5,0   dB
SPL(C)                   -5,4   dB
SPL(A_Direct)           -19,6   dB
STI                       0,41    
STI(Female)               0,00    
STI(Male)                 0,00    
STIPA                     0,41    
RASTI                     0,41    
STI(expected)             *,**    
T(30_Average)             1,5    s
LF(80_Average)            0,044   
Lj(Average)              -0,4   dB
BR(SPL)                   5,4   dB
SIL                     979,4   dB
AI                        1,00    
Alcons(STI)              18,96   %
Density(reflections)     16,41 /ms

Direct_sound    :       Source hidden from the receiver
Diffracted Sound:            Including diffracted sound
Decay_truncation:        Decay corrected for truncation

Receiver Number: 2 No description                 (x,y,z) = (12,00; 12,50; 1,00)
____________________________________________________________________________________________________
Band (Hz)                   63       125       250       500      1000      2000      4000      8000
____________________________________________________________________________________________________
EDT             (s)      5,11      5,05      3,35      1,43      2,20      5,00      2,14      0,95 
T(15)           (s)      *,**      *,**      5,32      2,61      5,46      8,22      4,96      0,99 
T(20)           (s)      *,**      *,**      4,90      *,**      5,46      6,61      4,78      1,93 
 XI(T(20))      (‰)      *,*       *,*     332,5       *,*     290,9     615,4     219,9     146,0  
T(30)           (s)      *,**      *,**      1,54      *,**      1,68      1,57      1,66      *,** 
 XI(T(30))      (‰)      *,*       *,*     289,6       *,*     327,7     344,8     330,5       *,*  
Curvature(C)    (%)      *,*       *,*     -68,5       *,*     -69,2     -76,3     -65,4       *,*  
Ts              (ms)   313       321       208       132       178       234       186       109    
SPL             (dB)    -7,3      -7,3     -13,9     -16,1     -16,7     -17,3     -19,3     -24,2  
SPL(Af)         (dB)   -33,5     -23,5     -22,6     -19,3     -16,7     -16,1     -18,3     -25,3  
SPL(Direct)     (dB)     *,*       *,*       *,*       *,*       *,*       *,*       *,*       *,*  
D(50)                    0,06      0,04      0,09      0,08      0,04      0,03      0,02      0,03 
C(7)            (dB)   -12,0     -14,3     -10,0     -10,8     -13,3     -15,7     -16,8     -15,0  
C(50)           (dB)   -12,0     -14,3     -10,0     -10,8     -13,3     -15,7     -16,8     -15,0  
C(80)           (dB)    -6,6      -7,3      -3,0      -1,0      -1,0      -3,1      -2,7       0,4  
U(50)           (dB)   -12,0     -14,3     -10,0     -10,8     -13,3     -15,7     -16,8     -15,0  
U(80)           (dB)    -6,6      -7,3      -3,0      -1,0      -1,0      -3,1      -2,7       0,4  
MTI(corrected)           *,**      0,00      0,00      0,00      0,00      0,00      0,00      0,00 
LF(80)                   0,082     0,094     0,138     0,131     0,161     0,212     0,210     0,212
LFC(80)                  0,211     0,242     0,293     0,300     0,346     0,412     0,410     0,411
Diffusivity(ss) (dB)    10,6      11,7       5,9       5,1       4,9       5,1       5,5       5,4  
Echo(Dietsch)            2,70      2,95      2,64      3,11      3,39      3,30      3,54      3,56 
____________________________________________________________________________________________________

SPL(A)                  -10,7   dB
SPL(Lin)                 -3,1   dB
SPL(C)                   -3,5   dB
SPL(A_Direct)             *,*   dB
STI                       0,48    
STI(Female)               0,00    
STI(Male)                 0,00    
STIPA                     0,49    
RASTI                     0,48    
STI(expected)             *,**    
T(30_Average)             *,*    s
LF(80_Average)            0,131   
Lj(Average)              -0,4   dB
BR(SPL)                   5,7   dB
SIL                       *,*   dB
AI                        1,00    
Alcons(STI)              13,47   %
Density(reflections)     15,80 /ms

Direct_sound    :       Source hidden from the receiver
Diffracted Sound:            Including diffracted sound
Decay_truncation:    Decay not corrected for truncation

Receiver Number: 3 No description                 (x,y,z) = (32,00; 15,00; 1,00)
____________________________________________________________________________________________________
Band (Hz)                   63       125       250       500      1000      2000      4000      8000
____________________________________________________________________________________________________
EDT             (s)      2,83      2,84      1,62      1,27      1,22      1,48      1,35      1,05 
T(15)           (s)      2,52      2,49      1,47      1,40      1,57      1,63      1,50      1,01 
T(20)           (s)      *,**      *,**      1,48      1,54      1,49      1,67      1,39      0,97 
 XI(T(20))      (‰)      *,*       *,*       7,7      34,6      14,4      14,0      17,7      26,0  
T(30)           (s)      *,**      *,**      1,47      1,26      1,34      1,49      1,35      0,85 
 XI(T(30))      (‰)      *,*       *,*       3,8      37,2      19,7      12,5      10,9      23,7  
Curvature(C)    (%)      *,*       *,*      -0,4     -18,2     -10,1     -10,7      -2,8     -12,1  
Ts              (ms)   230       236       150       129       133       152       146       112    
SPL             (dB)    -7,5      -7,4     -13,2     -15,0     -15,8     -16,6     -18,4     -23,5  
SPL(Af)         (dB)   -33,7     -23,6     -21,9     -18,3     -15,8     -15,4     -17,4     -24,6  
SPL(Direct)     (dB)     *,*       *,*       *,*       *,*       *,*       *,*       *,*       *,*  
D(50)                    0,05      0,03      0,08      0,06      0,04      0,03      0,02      0,03 
C(7)            (dB)   -12,6     -14,5     -10,8     -11,6     -13,8     -15,9     -17,2     -15,1  
C(50)           (dB)   -12,6     -14,5     -10,8     -11,6     -13,8     -15,9     -17,2     -15,1  
C(80)           (dB)    -6,2      -6,7      -4,1      -2,9      -3,1      -4,7      -4,6      -2,0  
U(50)           (dB)   -12,6     -14,5     -10,8     -11,6     -13,8     -15,9     -17,2     -15,1  
U(80)           (dB)    -6,2      -6,7      -4,1      -2,9      -3,1      -4,7      -4,6      -2,0  
MTI(corrected)           *,**      0,00      0,00      0,00      0,00      0,00      0,00      0,00 
LF(80)                   0,077     0,085     0,097     0,097     0,107     0,116     0,113     0,109
LFC(80)                  0,224     0,246     0,246     0,260     0,282     0,291     0,290     0,283
Diffusivity(ss) (dB)     5,8       6,2       4,5       4,3       4,2       4,5       4,7       4,8  
Echo(Dietsch)            3,07      3,28      2,95      3,36      3,60      3,54      3,76      3,76 
____________________________________________________________________________________________________

SPL(A)                   -9,9   dB
SPL(Lin)                 -2,9   dB
SPL(C)                   -3,3   dB
SPL(A_Direct)             *,*   dB
STI                       0,51    
STI(Female)               0,00    
STI(Male)                 0,00    
STIPA                     0,52    
RASTI                     0,52    
STI(expected)             *,**    
T(30_Average)             1,3    s
LF(80_Average)            0,096   
Lj(Average)              -0,7   dB
BR(SPL)                   5,1   dB
SIL                       *,*   dB
AI                        1,00    
Alcons(STI)              11,75   %
Density(reflections)      9,15 /ms

Direct_sound    :       Source hidden from the receiver
Diffracted Sound:            Including diffracted sound
Decay_truncation:        Decay corrected for truncation



Frequency parameters ordered by receiver

EDT             (s)  Simulated
Rec. no.\Band (Hz)        63       125       250       500      1000      2000      4000      8000
__________________________________________________________________________________________________
     1                 3,65      3,65      2,43      1,96      2,11      2,35      2,12      1,44 
     2                 5,11      5,05      3,35      1,43      2,20      5,00      2,14      0,95 
     3                 2,83      2,84      1,62      1,27      1,22      1,48      1,35      1,05 
__________________________________________________________________________________________________


T(15)           (s)  Simulated
Rec. no.\Band (Hz)        63       125       250       500      1000      2000      4000      8000
__________________________________________________________________________________________________
     1                 *,**      *,**      1,96      1,95      1,92      1,86      1,71      0,99 
     2                 *,**      *,**      5,32      2,61      5,46      8,22      4,96      0,99 
     3                 2,52      2,49      1,47      1,40      1,57      1,63      1,50      1,01 
__________________________________________________________________________________________________


T(20)           (s)  Simulated
Rec. no.\Band (Hz)        63       125       250       500      1000      2000      4000      8000
__________________________________________________________________________________________________
     1                 *,**      *,**      1,68      1,84      1,60      1,79      1,57      0,98 
     2                 *,**      *,**      4,90      *,**      5,46      6,61      4,78      1,93 
     3                 *,**      *,**      1,48      1,54      1,49      1,67      1,39      0,97 
__________________________________________________________________________________________________


 XI(T(20))      (‰)  Simulated
Rec. no.\Band (Hz)        63       125       250       500      1000      2000      4000      8000
__________________________________________________________________________________________________
     1                 *,*       *,*      19,5      38,9      30,2       8,6       9,7      14,3  
     2                 *,*       *,*     332,5       *,*     290,9     615,4     219,9     146,0  
     3                 *,*       *,*       7,7      34,6      14,4      14,0      17,7      26,0  
__________________________________________________________________________________________________


T(30)           (s)  Simulated
Rec. no.\Band (Hz)        63       125       250       500      1000      2000      4000      8000
__________________________________________________________________________________________________
     1                 *,**      *,**      *,**      1,50      1,54      *,**      1,50      0,98 
     2                 *,**      *,**      1,54      *,**      1,68      1,57      1,66      *,** 
     3                 *,**      *,**      1,47      1,26      1,34      1,49      1,35      0,85 
__________________________________________________________________________________________________


 XI(T(30))      (‰)  Simulated
Rec. no.\Band (Hz)        63       125       250       500      1000      2000      4000      8000
__________________________________________________________________________________________________
     1                 *,*       *,*       *,*      28,5      15,5       *,*       6,9       6,7  
     2                 *,*       *,*     289,6       *,*     327,7     344,8     330,5       *,*  
     3                 *,*       *,*       3,8      37,2      19,7      12,5      10,9      23,7  
__________________________________________________________________________________________________


Curvature(C)    (%)  Simulated
Rec. no.\Band (Hz)        63       125       250       500      1000      2000      4000      8000
__________________________________________________________________________________________________
     1                 *,*       *,*       *,*     -18,3      -4,2       *,*      -4,0       0,8  
     2                 *,*       *,*     -68,5       *,*     -69,2     -76,3     -65,4       *,*  
     3                 *,*       *,*      -0,4     -18,2     -10,1     -10,7      -2,8     -12,1  
__________________________________________________________________________________________________


Ts              (ms) Simulated
Rec. no.\Band (Hz)        63       125       250       500      1000      2000      4000      8000
__________________________________________________________________________________________________
     1               251       264       155       131       150       189       175       110    
     2               313       321       208       132       178       234       186       109    
     3               230       236       150       129       133       152       146       112    
__________________________________________________________________________________________________


SPL             (dB) Simulated
Rec. no.\Band (Hz)        63       125       250       500      1000      2000      4000      8000
__________________________________________________________________________________________________
     1                -9,3      -9,4     -15,1     -17,0     -18,2     -19,7     -21,6     -26,7  
     2                -7,3      -7,3     -13,9     -16,1     -16,7     -17,3     -19,3     -24,2  
     3                -7,5      -7,4     -13,2     -15,0     -15,8     -16,6     -18,4     -23,5  
__________________________________________________________________________________________________


SPL(Af)         (dB) Simulated
Rec. no.\Band (Hz)        63       125       250       500      1000      2000      4000      8000
__________________________________________________________________________________________________
     1               -35,6     -25,6     -23,8     -20,3     -18,2     -18,5     -20,6     -27,9  
     2               -33,5     -23,5     -22,6     -19,3     -16,7     -16,1     -18,3     -25,3  
     3               -33,7     -23,6     -21,9     -18,3     -15,8     -15,4     -17,4     -24,6  
__________________________________________________________________________________________________


SPL(Direct)     (dB) Simulated
Rec. no.\Band (Hz)        63       125       250       500      1000      2000      4000      8000
__________________________________________________________________________________________________
     1               -16,9     -18,4     -20,3     -22,5     -25,0     -27,8     -30,8     -33,8  
     2                 *,*       *,*       *,*       *,*       *,*       *,*       *,*       *,*  
     3                 *,*       *,*       *,*       *,*       *,*       *,*       *,*       *,*  
__________________________________________________________________________________________________


D(50)                Simulated
Rec. no.\Band (Hz)        63       125       250       500      1000      2000      4000      8000
__________________________________________________________________________________________________
     1                 0,18      0,13      0,30      0,28      0,21      0,15      0,12      0,20 
     2                 0,06      0,04      0,09      0,08      0,04      0,03      0,02      0,03 
     3                 0,05      0,03      0,08      0,06      0,04      0,03      0,02      0,03 
__________________________________________________________________________________________________


C(7)            (dB) Simulated
Rec. no.\Band (Hz)        63       125       250       500      1000      2000      4000      8000
__________________________________________________________________________________________________
     1                -6,7      -8,4      -3,6      -4,1      -5,7      -7,4      -8,6      -6,1  
     2               -12,0     -14,3     -10,0     -10,8     -13,3     -15,7     -16,8     -15,0  
     3               -12,6     -14,5     -10,8     -11,6     -13,8     -15,9     -17,2     -15,1  
__________________________________________________________________________________________________


C(50)           (dB) Simulated
Rec. no.\Band (Hz)        63       125       250       500      1000      2000      4000      8000
__________________________________________________________________________________________________
     1                -6,7      -8,4      -3,6      -4,1      -5,7      -7,4      -8,6      -6,1  
     2               -12,0     -14,3     -10,0     -10,8     -13,3     -15,7     -16,8     -15,0  
     3               -12,6     -14,5     -10,8     -11,6     -13,8     -15,9     -17,2     -15,1  
__________________________________________________________________________________________________


C(80)           (dB) Simulated
Rec. no.\Band (Hz)        63       125       250       500      1000      2000      4000      8000
__________________________________________________________________________________________________
     1                -5,2      -5,9      -2,1      -1,1      -2,0      -4,6      -4,7      -1,4  
     2                -6,6      -7,3      -3,0      -1,0      -1,0      -3,1      -2,7       0,4  
     3                -6,2      -6,7      -4,1      -2,9      -3,1      -4,7      -4,6      -2,0  
__________________________________________________________________________________________________


U(50)           (dB) Simulated
Rec. no.\Band (Hz)        63       125       250       500      1000      2000      4000      8000
__________________________________________________________________________________________________
     1                -6,7      -8,4      -3,6      -4,1      -5,7      -7,4      -8,6      -6,1  
     2               -12,0     -14,3     -10,0     -10,8     -13,3     -15,7     -16,8     -15,0  
     3               -12,6     -14,5     -10,8     -11,6     -13,8     -15,9     -17,2     -15,1  
__________________________________________________________________________________________________


U(80)           (dB) Simulated
Rec. no.\Band (Hz)        63       125       250       500      1000      2000      4000      8000
__________________________________________________________________________________________________
     1                -5,2      -5,9      -2,1      -1,1      -2,0      -4,6      -4,7      -1,4  
     2                -6,6      -7,3      -3,0      -1,0      -1,0      -3,1      -2,7       0,4  
     3                -6,2      -6,7      -4,1      -2,9      -3,1      -4,7      -4,6      -2,0  
__________________________________________________________________________________________________


MTI(corrected)       Simulated
Rec. no.\Band (Hz)        63       125       250       500      1000      2000      4000      8000
__________________________________________________________________________________________________
     1                 *,**      0,00      0,00      0,00      0,00      0,00      0,00      0,00 
     2                 *,**      0,00      0,00      0,00      0,00      0,00      0,00      0,00 
     3                 *,**      0,00      0,00      0,00      0,00      0,00      0,00      0,00 
__________________________________________________________________________________________________


LF(80)               Simulated
Rec. no.\Band (Hz)        63       125       250       500      1000      2000      4000      8000
__________________________________________________________________________________________________
     1                 0,022     0,046     0,027     0,045     0,059     0,047     0,059     0,060
     2                 0,082     0,094     0,138     0,131     0,161     0,212     0,210     0,212
     3                 0,077     0,085     0,097     0,097     0,107     0,116     0,113     0,109
__________________________________________________________________________________________________


LFC(80)              Simulated
Rec. no.\Band (Hz)        63       125       250       500      1000      2000      4000      8000
__________________________________________________________________________________________________
     1                 0,067     0,126     0,073     0,123     0,161     0,133     0,170     0,175
     2                 0,211     0,242     0,293     0,300     0,346     0,412     0,410     0,411
     3                 0,224     0,246     0,246     0,260     0,282     0,291     0,290     0,283
__________________________________________________________________________________________________


Diffusivity(ss) (dB) Simulated
Rec. no.\Band (Hz)        63       125       250       500      1000      2000      4000      8000
__________________________________________________________________________________________________
     1                 3,6       3,6       2,8       2,3       2,6       3,2       3,1       2,3  
     2                10,6      11,7       5,9       5,1       4,9       5,1       5,5       5,4  
     3                 5,8       6,2       4,5       4,3       4,2       4,5       4,7       4,8  
__________________________________________________________________________________________________


Echo(Dietsch)        Simulated
Rec. no.\Band (Hz)        63       125       250       500      1000      2000      4000      8000
__________________________________________________________________________________________________
     1                 2,68      3,00      2,62      3,04      3,32      3,20      3,48      3,52 
     2                 2,70      2,95      2,64      3,11      3,39      3,30      3,54      3,56 
     3                 3,07      3,28      2,95      3,36      3,60      3,54      3,76      3,76 
__________________________________________________________________________________________________




Broad band parameters ordered by receiver

SPL(A)               (dB)  Simulated
Rec. no.         
____________________________________
     1               -12,5  
     2               -10,7  
     3                -9,9  
____________________________________


SPL(Lin)             (dB)  Simulated
Rec. no.         
____________________________________
     1                -5,0  
     2                -3,1  
     3                -2,9  
____________________________________


SPL(C)               (dB)  Simulated
Rec. no.         
____________________________________
     1                -5,4  
     2                -3,5  
     3                -3,3  
____________________________________


SPL(A_Direct)        (dB)  Simulated
Rec. no.         
____________________________________
     1               -19,6  
     2                 *,*  
     3                 *,*  
____________________________________


STI                        Simulated
Rec. no.         
____________________________________
     1                 0,41 
     2                 0,48 
     3                 0,51 
____________________________________


STI(Female)                Simulated
Rec. no.         
____________________________________
     1                 0,00 
     2                 0,00 
     3                 0,00 
____________________________________


STI(Male)                  Simulated
Rec. no.         
____________________________________
     1                 0,00 
     2                 0,00 
     3                 0,00 
____________________________________


STIPA                      Simulated
Rec. no.         
____________________________________
     1                 0,41 
     2                 0,49 
     3                 0,52 
____________________________________


RASTI                      Simulated
Rec. no.         
____________________________________
     1                 0,41 
     2                 0,48 
     3                 0,52 
____________________________________


STI(expected)              Simulated
Rec. no.         
____________________________________
     1                 *,** 
     2                 *,** 
     3                 *,** 
____________________________________


T(30_Average)        (s)   Simulated
Rec. no.         
____________________________________
     1                 1,5  
     2                 *,*  
     3                 1,3  
____________________________________


LF(80_Average)             Simulated
Rec. no.         
____________________________________
     1                 0,044
     2                 0,131
     3                 0,096
____________________________________


Lj(Average)          (dB)  Simulated
Rec. no.         
____________________________________
     1                -0,4  
     2                -0,4  
     3                -0,7  
____________________________________


BR(SPL)              (dB)  Simulated
Rec. no.         
____________________________________
     1                 5,4  
     2                 5,7  
     3                 5,1  
____________________________________


SIL                  (dB)  Simulated
Rec. no.         
____________________________________
     1               979,4  
     2                 *,*  
     3                 *,*  
____________________________________


AI                         Simulated
Rec. no.         
____________________________________
     1                 1,00 
     2                 1,00 
     3                 1,00 
____________________________________


Alcons(STI)          (%)   Simulated
Rec. no.         
____________________________________
     1                18,96 
     2                13,47 
     3                11,75 
____________________________________


Density(reflections) (/ms) Simulated
Rec. no.         
____________________________________
     1                16,41 
     2                15,80 
     3                 9,15 
____________________________________



Statistics for frequency parameters
EDT             (s) 
____________________________________________________________________________________________________
Band (Hz)                   63       125       250       500      1000      2000      4000      8000
____________________________________________________________________________________________________
Minimum                  2,83      2,84      1,62      1,27      1,22      1,48      1,35      0,95 
Maximum                  5,11      5,05      3,35      1,96      2,20      5,00      2,14      1,44 
Average                  3,86      3,85      2,47      1,56      1,84      2,94      1,87      1,14 
Std.dev.                 1,16      1,12      0,86      0,36      0,54      1,83      0,45      0,26 
____________________________________________________________________________________________________


T(15)           (s) 
____________________________________________________________________________________________________
Band (Hz)                   63       125       250       500      1000      2000      4000      8000
____________________________________________________________________________________________________
Minimum                  2,52      2,49      1,47      1,40      1,57      1,63      1,50      0,99 
Maximum                  2,52      2,49      5,32      2,61      5,46      8,22      4,96      1,01 
Average                  2,52      2,49      2,92      1,99      2,99      3,90      2,72      1,00 
Std.dev.                 *,**      *,**      2,09      0,61      2,15      3,74      1,94      0,01 
____________________________________________________________________________________________________


T(20)           (s) 
____________________________________________________________________________________________________
Band (Hz)                   63       125       250       500      1000      2000      4000      8000
____________________________________________________________________________________________________
Minimum                  *,**      *,**      1,48      1,54      1,49      1,67      1,39      0,97 
Maximum                  *,**      *,**      4,90      1,84      5,46      6,61      4,78      1,93 
Average                  *,**      *,**      2,69      1,69      2,85      3,36      2,58      1,29 
Std.dev.                 *,**      *,**      1,92      0,22      2,26      2,82      1,91      0,55 
____________________________________________________________________________________________________


 XI(T(20))      (‰) 
____________________________________________________________________________________________________
Band (Hz)                   63       125       250       500      1000      2000      4000      8000
____________________________________________________________________________________________________
Minimum                  *,*       *,*       7,7      34,6      14,4       8,6       9,7      14,3  
Maximum                  *,*       *,*     332,5      38,9     290,9     615,4     219,9     146,0  
Average                  *,*       *,*     119,9      36,7     111,8     212,6      82,4      62,1  
Std.dev.                 *,*       *,*     184,2       3,0     155,3     348,8     119,1      72,9  
____________________________________________________________________________________________________


T(30)           (s) 
____________________________________________________________________________________________________
Band (Hz)                   63       125       250       500      1000      2000      4000      8000
____________________________________________________________________________________________________
Minimum                  *,**      *,**      1,47      1,26      1,34      1,49      1,35      0,85 
Maximum                  *,**      *,**      1,54      1,50      1,68      1,57      1,66      0,98 
Average                  *,**      *,**      1,51      1,38      1,52      1,53      1,51      0,92 
Std.dev.                 *,**      *,**      0,05      0,18      0,17      0,06      0,15      0,09 
____________________________________________________________________________________________________


 XI(T(30))      (‰) 
____________________________________________________________________________________________________
Band (Hz)                   63       125       250       500      1000      2000      4000      8000
____________________________________________________________________________________________________
Minimum                  *,*       *,*       3,8      28,5      15,5      12,5       6,9       6,7  
Maximum                  *,*       *,*     289,6      37,2     327,7     344,8     330,5      23,7  
Average                  *,*       *,*     146,7      32,9     121,0     178,6     116,1      15,2  
Std.dev.                 *,*       *,*     202,1       6,1     179,1     235,0     185,7      12,1  
____________________________________________________________________________________________________


Curvature(C)    (%) 
____________________________________________________________________________________________________
Band (Hz)                   63       125       250       500      1000      2000      4000      8000
____________________________________________________________________________________________________
Minimum                  *,*       *,*     -68,5     -18,3     -69,2     -76,3     -65,4     -12,1  
Maximum                  *,*       *,*      -0,4     -18,2      -4,2     -10,7      -2,8       0,8  
Average                  *,*       *,*     -34,5     -18,2     -27,8     -43,5     -24,0      -5,6  
Std.dev.                 *,*       *,*      48,2       0,1      35,9      46,4      35,8       9,1  
____________________________________________________________________________________________________


Ts              (ms)
____________________________________________________________________________________________________
Band (Hz)                   63       125       250       500      1000      2000      4000      8000
____________________________________________________________________________________________________
Minimum                230       236       150       129       133       152       146       109    
Maximum                313       321       208       132       178       234       186       112    
Average                265       273       171       131       154       192       169       110    
Std.dev.                43        43        32         2        23        41        21         2    
____________________________________________________________________________________________________


SPL             (dB)
____________________________________________________________________________________________________
Band (Hz)                   63       125       250       500      1000      2000      4000      8000
____________________________________________________________________________________________________
Minimum                 -9,3      -9,4     -15,1     -17,0     -18,2     -19,7     -21,6     -26,7  
Maximum                 -7,3      -7,3     -13,2     -15,0     -15,8     -16,6     -18,4     -23,5  
Average                 -8,0      -8,1     -14,1     -16,0     -16,9     -17,9     -19,8     -24,8  
Std.dev.                 1,1       1,2       1,0       1,0       1,3       1,6       1,6       1,7  
____________________________________________________________________________________________________


SPL(Af)         (dB)
____________________________________________________________________________________________________
Band (Hz)                   63       125       250       500      1000      2000      4000      8000
____________________________________________________________________________________________________
Minimum                -35,6     -25,6     -23,8     -20,3     -18,2     -18,5     -20,6     -27,9  
Maximum                -33,5     -23,5     -21,9     -18,3     -15,8     -15,4     -17,4     -24,6  
Average                -34,2     -24,2     -22,8     -19,3     -16,9     -16,7     -18,8     -25,9  
Std.dev.                 1,1       1,2       1,0       1,0       1,3       1,6       1,6       1,7  
____________________________________________________________________________________________________


SPL(Direct)     (dB)
____________________________________________________________________________________________________
Band (Hz)                   63       125       250       500      1000      2000      4000      8000
____________________________________________________________________________________________________
Minimum                -16,9     -18,4     -20,3     -22,5     -25,0     -27,8     -30,8     -33,8  
Maximum                -16,9     -18,4     -20,3     -22,5     -25,0     -27,8     -30,8     -33,8  
Average                -16,9     -18,4     -20,3     -22,5     -25,0     -27,8     -30,8     -33,8  
Std.dev.                 *,*       *,*       *,*       *,*       *,*       *,*       *,*       *,*  
____________________________________________________________________________________________________


D(50)               
____________________________________________________________________________________________________
Band (Hz)                   63       125       250       500      1000      2000      4000      8000
____________________________________________________________________________________________________
Minimum                  0,05      0,03      0,08      0,06      0,04      0,03      0,02      0,03 
Maximum                  0,18      0,13      0,30      0,28      0,21      0,15      0,12      0,20 
Average                  0,10      0,07      0,16      0,14      0,10      0,07      0,05      0,09 
Std.dev.                 0,07      0,05      0,13      0,12      0,10      0,07      0,06      0,10 
____________________________________________________________________________________________________


C(7)            (dB)
____________________________________________________________________________________________________
Band (Hz)                   63       125       250       500      1000      2000      4000      8000
____________________________________________________________________________________________________
Minimum                -12,6     -14,5     -10,8     -11,6     -13,8     -15,9     -17,2     -15,1  
Maximum                 -6,7      -8,4      -3,6      -4,1      -5,7      -7,4      -8,6      -6,1  
Average                -10,5     -12,4      -8,1      -8,8     -10,9     -13,0     -14,2     -12,1  
Std.dev.                 3,2       3,4       3,9       4,1       4,5       4,9       4,8       5,2  
____________________________________________________________________________________________________


C(50)           (dB)
____________________________________________________________________________________________________
Band (Hz)                   63       125       250       500      1000      2000      4000      8000
____________________________________________________________________________________________________
Minimum                -12,6     -14,5     -10,8     -11,6     -13,8     -15,9     -17,2     -15,1  
Maximum                 -6,7      -8,4      -3,6      -4,1      -5,7      -7,4      -8,6      -6,1  
Average                -10,5     -12,4      -8,1      -8,8     -10,9     -13,0     -14,2     -12,1  
Std.dev.                 3,2       3,4       3,9       4,1       4,5       4,9       4,8       5,2  
____________________________________________________________________________________________________


C(80)           (dB)
____________________________________________________________________________________________________
Band (Hz)                   63       125       250       500      1000      2000      4000      8000
____________________________________________________________________________________________________
Minimum                 -6,6      -7,3      -4,1      -2,9      -3,1      -4,7      -4,7      -2,0  
Maximum                 -5,2      -5,9      -2,1      -1,0      -1,0      -3,1      -2,7       0,4  
Average                 -6,0      -6,6      -3,1      -1,7      -2,1      -4,1      -4,0      -1,0  
Std.dev.                 0,7       0,7       1,0       1,0       1,0       0,9       1,1       1,2  
____________________________________________________________________________________________________


U(50)           (dB)
____________________________________________________________________________________________________
Band (Hz)                   63       125       250       500      1000      2000      4000      8000
____________________________________________________________________________________________________
Minimum                -12,6     -14,5     -10,8     -11,6     -13,8     -15,9     -17,2     -15,1  
Maximum                 -6,7      -8,4      -3,6      -4,1      -5,7      -7,4      -8,6      -6,1  
Average                -10,5     -12,4      -8,1      -8,8     -10,9     -13,0     -14,2     -12,1  
Std.dev.                 3,2       3,4       3,9       4,1       4,5       4,9       4,8       5,2  
____________________________________________________________________________________________________


U(80)           (dB)
____________________________________________________________________________________________________
Band (Hz)                   63       125       250       500      1000      2000      4000      8000
____________________________________________________________________________________________________
Minimum                 -6,6      -7,3      -4,1      -2,9      -3,1      -4,7      -4,7      -2,0  
Maximum                 -5,2      -5,9      -2,1      -1,0      -1,0      -3,1      -2,7       0,4  
Average                 -6,0      -6,6      -3,1      -1,7      -2,1      -4,1      -4,0      -1,0  
Std.dev.                 0,7       0,7       1,0       1,0       1,0       0,9       1,1       1,2  
____________________________________________________________________________________________________


MTI(corrected)      
____________________________________________________________________________________________________
Band (Hz)                   63       125       250       500      1000      2000      4000      8000
____________________________________________________________________________________________________
Minimum                  *,**      0,00      0,00      0,00      0,00      0,00      0,00      0,00 
Maximum                  *,**      0,00      0,00      0,00      0,00      0,00      0,00      0,00 
Average                  *,**      0,00      0,00      0,00      0,00      0,00      0,00      0,00 
Std.dev.                 *,**      0,00      0,00      0,00      0,00      0,00      0,00      0,00 
____________________________________________________________________________________________________


LF(80)              
____________________________________________________________________________________________________
Band (Hz)                   63       125       250       500      1000      2000      4000      8000
____________________________________________________________________________________________________
Minimum                  0,022     0,046     0,027     0,045     0,059     0,047     0,059     0,060
Maximum                  0,082     0,094     0,138     0,131     0,161     0,212     0,210     0,212
Average                  0,060     0,075     0,087     0,091     0,109     0,125     0,127     0,127
Std.dev.                 0,033     0,025     0,056     0,043     0,051     0,083     0,076     0,077
____________________________________________________________________________________________________


LFC(80)             
____________________________________________________________________________________________________
Band (Hz)                   63       125       250       500      1000      2000      4000      8000
____________________________________________________________________________________________________
Minimum                  0,067     0,126     0,073     0,123     0,161     0,133     0,170     0,175
Maximum                  0,224     0,246     0,293     0,300     0,346     0,412     0,410     0,411
Average                  0,167     0,205     0,204     0,228     0,263     0,279     0,290     0,289
Std.dev.                 0,087     0,068     0,116     0,092     0,094     0,140     0,120     0,118
____________________________________________________________________________________________________


Diffusivity(ss) (dB)
____________________________________________________________________________________________________
Band (Hz)                   63       125       250       500      1000      2000      4000      8000
____________________________________________________________________________________________________
Minimum                  3,6       3,6       2,8       2,3       2,6       3,2       3,1       2,3  
Maximum                 10,6      11,7       5,9       5,1       4,9       5,1       5,5       5,4  
Average                  6,7       7,1       4,4       3,9       3,9       4,3       4,4       4,2  
Std.dev.                 3,6       4,1       1,6       1,4       1,2       1,0       1,2       1,7  
____________________________________________________________________________________________________


Echo(Dietsch)       
____________________________________________________________________________________________________
Band (Hz)                   63       125       250       500      1000      2000      4000      8000
____________________________________________________________________________________________________
Minimum                  2,68      2,95      2,62      3,04      3,32      3,20      3,48      3,52 
Maximum                  3,07      3,28      2,95      3,36      3,60      3,54      3,76      3,76 
Average                  2,82      3,07      2,74      3,17      3,44      3,35      3,60      3,61 
Std.dev.                 0,22      0,18      0,18      0,17      0,15      0,18      0,15      0,13 
____________________________________________________________________________________________________



____________________________________________
Statistics for broad band parameters
SPL(A), Minimum                   -12,5   dB
SPL(A), Maximum                    -9,9   dB
SPL(A), Average                   -11,0   dB
SPL(A), Std.dev.                    1,4   dB
____________________________________________

SPL(Lin), Minimum                  -5,0   dB
SPL(Lin), Maximum                  -2,9   dB
SPL(Lin), Average                  -3,7   dB
SPL(Lin), Std.dev.                  1,1   dB
____________________________________________

SPL(C), Minimum                    -5,4   dB
SPL(C), Maximum                    -3,3   dB
SPL(C), Average                    -4,1   dB
SPL(C), Std.dev.                    1,1   dB
____________________________________________

SPL(A_Direct), Minimum            -19,6   dB
SPL(A_Direct), Maximum            -19,6   dB
SPL(A_Direct), Average            -19,6   dB
SPL(A_Direct), Std.dev.             *,*   dB
____________________________________________

STI, Minimum                        0,41    
STI, Maximum                        0,51    
STI, Average                        0,47    
STI, Std.dev.                       0,05    
____________________________________________

STI(Female), Minimum                0,00    
STI(Female), Maximum                0,00    
STI(Female), Average                0,00    
STI(Female), Std.dev.               0,00    
____________________________________________

STI(Male), Minimum                  0,00    
STI(Male), Maximum                  0,00    
STI(Male), Average                  0,00    
STI(Male), Std.dev.                 0,00    
____________________________________________

STIPA, Minimum                      0,41    
STIPA, Maximum                      0,52    
STIPA, Average                      0,47    
STIPA, Std.dev.                     0,06    
____________________________________________

RASTI, Minimum                      0,41    
RASTI, Maximum                      0,52    
RASTI, Average                      0,47    
RASTI, Std.dev.                     0,06    
____________________________________________

STI(expected), Minimum              *,**    
STI(expected), Maximum              *,**    
STI(expected), Average              *,**    
STI(expected), Std.dev.             *,**    
____________________________________________

T(30_Average), Minimum              1,3    s
T(30_Average), Maximum              1,5    s
T(30_Average), Average              1,4    s
T(30_Average), Std.dev.             0,2    s
____________________________________________

LF(80_Average), Minimum             0,044   
LF(80_Average), Maximum             0,131   
LF(80_Average), Average             0,091   
LF(80_Average), Std.dev.            0,044   
____________________________________________

Lj(Average), Minimum               -0,7   dB
Lj(Average), Maximum               -0,4   dB
Lj(Average), Average               -0,5   dB
Lj(Average), Std.dev.               0,2   dB
____________________________________________

BR(SPL), Minimum                    5,1   dB
BR(SPL), Maximum                    5,7   dB
BR(SPL), Average                    5,4   dB
BR(SPL), Std.dev.                   0,3   dB
____________________________________________

SIL, Minimum                      979,4   dB
SIL, Maximum                      979,4   dB
SIL, Average                      979,4   dB
SIL, Std.dev.                       *,*   dB
____________________________________________

AI, Minimum                         1,00    
AI, Maximum                         1,00    
AI, Average                         1,00    
AI, Std.dev.                        0,00    
____________________________________________

Alcons(STI), Minimum               11,75   %
Alcons(STI), Maximum               18,96   %
Alcons(STI), Average               14,73   %
Alcons(STI), Std.dev.               3,77   %
____________________________________________

Density(reflections), Minimum       9,15 /ms
Density(reflections), Maximum      16,41 /ms
Density(reflections), Average      13,78 /ms
Density(reflections), Std.dev.      4,03 /ms
____________________________________________


DL2 parameters - ISO 14257
__________________________________________________________________________________________
Band (Hz)         63       125       250       500      1000      2000      4000      8000
__________________________________________________________________________________________
DL2 (dB)       -2,41     -2,64     -3,25     -3,67     -4,21     -4,79     -5,13     -5,05
   Corr.       -0,54     -0,58     -0,87     -0,93     -0,85     -0,76     -0,79     -0,75
__________________________________________________________________________________________
DL2(A) (125 - 4000 Hz) =      -4,29 d(Correllation:      -0,81)
DL2(Lin) (125 - 4000 Hz) =      -3,17(Correllation:      -0,70)
(Rmin; Rmax) = (      0,00 m;      15,83 m)

ISO 3382-3 parameters                (source is requiered to have speech spectrum)
STI(nearest) = 0,41                  (STI at nearest work station)
rD = 15,12 metres                    (distraction distance)
rP = *,** metres                     (privacy distance)
D2,S = -4,31 dB                      (Spatial decay rate of A-weighted SPL of speech, 125-8000 Hz)
Lp,A,S, 4 m = -18,38 dB              (A-weighted speech at 4 metres, 125-8000 Hz)
Lp,A,B = -992,04 dB                  (A-weighted background noise, 125-8000 Hz)

Looking towards Source: Aiming towards direction -X
Active sources:         1
Rays used:              1000   (Lost: 0 = 0,0 %)
Total ray flights:      24717
Mean free path:         14,31 m
